---
version: 2
money:
  itoytoy: 199737600.000000
  bettybeebeebee: 1000.000000
  vl_pro: 6000.000000
  power777888: 10000000099.000000
  rrrrr: 1000.000000
  moon: 20000001997.000000
  xiao_chao: 1000.000000
...
