---
version: 2
money:
  itoytoy: 199737600.000000
  bettybeebeebee: 1000.000000
  vl_pro: 6000.000000
  power777888: 9999999999.000000
  rrrrr: 1000.000000
  moon: 30000001996.000000
  xiao_chao: 1000.000000
  betty: 1000.000000
  kxz: 1000.000000
  xiao_long: 1000.000000
  jisyuan: 1000.000000
  zeyu: 1000.000000
  steve1979: 1000.000000
  jishu: 1000.000000
  acrwofu: 1000.000000
  steve: 1000.000000
...
