---
version: 2
money:
  itoytoy: 199998000.000000
  bettybeebeebee: 1000.000000
  vl_pro: 6000.000000
  power777888: 10000.000000
  rrrrr: 1000.000000
  moon: 1000.000000
...
